ticker	name	close	pct_24h	pct_48h	pct_1w	pct_2w	pct_3w	pct_1m	pct_2m	pct_3m	pct_6m	pct_1y	pct_2y	pct_3y	pct_4y	pct_5y	price_24h	price_48h	price_1w	price_2w	price_3w	price_1m	price_2m	price_3m	price_6m	price_1y	price_2y	price_3y	price_4y	price_5y	run_start	run_end	runtime_seconds	snapshot_date	run_index
2020	2020 BULKERS	140.4	0.0	0.0	0.0	0.0	0.0	0.0	0.0	0.0	0.0	0.0	0.0	0.0	0.0	0.0	140.4	140.4	140.4	140.4	140.4	140.4	140.4	140.4	140.4	140.4	140.4	140.4	140.4	140.4	2026-04-09T07:24:56.819513	2026-04-09T16:45:32.915619	33636.096071243286	2026-04-07	2
ABG	ABG SUNDAL COLLIER	8.03	0.0	0.0	0.0	0.0	0.0	0.0	0.0	0.0	0.0	0.0	0.0	0.0	0.0	0.0	8.03	8.03	8.03	8.03	8.03	8.03	8.03	8.03	8.03	8.03	8.03	8.03	8.03	8.03	2026-04-09T07:24:56.819513	2026-04-09T16:45:32.915619	33636.096071243286	2026-04-07	2
ABL	ABL GROUP	11.2	0.5	1.0	2.0	3.0	4.0	5.0	6.0	7.0	8.0	9.0	10.0	0.0	0.0	0.0	11.255999999999998	11.312	11.424	11.536	11.648	11.76	11.872	11.984	12.096	12.208	12.32	11.2	11.2	11.2	2026-04-09T07:24:56.819513	2026-04-09T16:45:32.915619	33636.096071243286	2026-04-07	2
AFG	AF GRUPPEN	173.4	0.0	0.0	0.0	0.0	0.0	0.0	0.0	0.0	0.0	0.0	0.0	0.0	0.0	0.0	173.4	173.4	173.4	173.4	173.4	173.4	173.4	173.4	173.4	173.4	173.4	173.4	173.4	173.4	2026-04-09T07:24:56.819513	2026-04-09T16:45:32.915619	33636.096071243286	2026-04-07	2
AGLX	AGILYX	16.18	0.5	1.0	2.0	3.0	4.0	5.0	6.0	7.0	8.0	9.0	10.0	0.0	0.0	0.0	16.2609	16.3418	16.5036	16.6654	16.8272	16.989	17.1508	17.3126	17.4744	17.636200000000002	17.798000000000002	16.18	16.18	16.18	2026-04-09T07:24:56.819513	2026-04-09T16:45:32.915619	33636.096071243286	2026-04-07	2
AKAST	AKASTOR	15.34	0.0	0.0	0.0	0.0	0.0	0.0	0.0	0.0	0.0	0.0	0.0	0.0	0.0	0.0	15.34	15.34	15.34	15.34	15.34	15.34	15.34	15.34	15.34	15.34	15.34	15.34	15.34	15.34	2026-04-09T07:24:56.819513	2026-04-09T16:45:32.915619	33636.096071243286	2026-04-07	2
AKER	AKER	1066.0	0.5	1.0	2.0	3.0	4.0	5.0	6.0	7.0	8.0	9.0	10.0	0.0	0.0	0.0	1071.33	1076.66	1087.32	1097.98	1108.64	1119.3	1129.96	1140.6200000000001	1151.28	1161.94	1172.6000000000001	1066.0	1066.0	1066.0	2026-04-09T07:24:56.819513	2026-04-09T16:45:32.915619	33636.096071243286	2026-04-07	2
AKBM	AKER BIOMARINE	107.0	0.0	0.0	0.0	0.0	0.0	0.0	0.0	0.0	0.0	0.0	0.0	0.0	0.0	0.0	107.0	107.0	107.0	107.0	107.0	107.0	107.0	107.0	107.0	107.0	107.0	107.0	107.0	107.0	2026-04-09T07:24:56.819513	2026-04-09T16:45:32.915619	33636.096071243286	2026-04-07	2
AKRBP	AKER BP	340.2	0.0	0.0	0.0	0.0	0.0	0.0	0.0	0.0	0.0	0.0	0.0	0.0	0.0	0.0	340.2	340.2	340.2	340.2	340.2	340.2	340.2	340.2	340.2	340.2	340.2	340.2	340.2	340.2	2026-04-09T07:24:56.819513	2026-04-09T16:45:32.915619	33636.096071243286	2026-04-07	2
AKH	AKER HORIZONS	0.0218	0.0	0.0	0.0	0.0	0.0	0.0	0.0	0.0	0.0	0.0	0.0	0.0	0.0	0.0	0.0218	0.0218	0.0218	0.0218	0.0218	0.0218	0.0218	0.0218	0.0218	0.0218	0.0218	0.0218	0.0218	0.0218	2026-04-09T07:24:56.819513	2026-04-09T16:45:32.915619	33636.096071243286	2026-04-07	2
AKSO	AKER SOLUTIONS	45.32	0.0	0.0	0.0	0.0	0.0	0.0	0.0	0.0	0.0	0.0	0.0	0.0	0.0	0.0	45.32	45.32	45.32	45.32	45.32	45.32	45.32	45.32	45.32	45.32	45.32	45.32	45.32	45.32	2026-04-09T07:24:56.819513	2026-04-09T16:45:32.915619	33636.096071243286	2026-04-07	2
AKVA	AKVA GROUP	107.0	0.0	0.0	0.0	0.0	0.0	0.0	0.0	0.0	0.0	0.0	0.0	0.0	0.0	0.0	107.0	107.0	107.0	107.0	107.0	107.0	107.0	107.0	107.0	107.0	107.0	107.0	107.0	107.0	2026-04-09T07:24:56.819513	2026-04-09T16:45:32.915619	33636.096071243286	2026-04-07	2
APR	APPEAR	61.2	0.0	0.0	0.0	0.0	0.0	0.0	0.0	0.0	0.0	0.0	0.0	0.0	0.0	0.0	61.2	61.2	61.2	61.2	61.2	61.2	61.2	61.2	61.2	61.2	61.2	61.2	61.2	61.2	2026-04-09T07:24:56.819513	2026-04-09T16:45:32.915619	33636.096071243286	2026-04-07	2
ARCH	ARCHER	28.8	0.0	0.0	0.0	0.0	0.0	0.0	0.0	0.0	0.0	0.0	0.0	0.0	0.0	0.0	28.8	28.8	28.8	28.8	28.8	28.8	28.8	28.8	28.8	28.8	28.8	28.8	28.8	28.8	2026-04-09T07:24:56.819513	2026-04-09T16:45:32.915619	33636.096071243286	2026-04-07	2
AZT	ARCTICZYMES TECHNO	19.65	0.0	0.0	0.0	0.0	0.0	0.0	0.0	0.0	0.0	0.0	0.0	0.0	0.0	0.0	19.65	19.65	19.65	19.65	19.65	19.65	19.65	19.65	19.65	19.65	19.65	19.65	19.65	19.65	2026-04-09T07:24:56.819513	2026-04-09T16:45:32.915619	33636.096071243286	2026-04-07	2
AFK	ARENDALS FOSSEKOMP	161.5	0.0	0.0	0.0	0.0	0.0	0.0	0.0	0.0	0.0	0.0	0.0	0.0	0.0	0.0	161.5	161.5	161.5	161.5	161.5	161.5	161.5	161.5	161.5	161.5	161.5	161.5	161.5	161.5	2026-04-09T07:24:56.819513	2026-04-09T16:45:32.915619	33636.096071243286	2026-04-07	2
ARR	ARRIBATEC GROUP	6.87	0.0	0.0	0.0	0.0	0.0	0.0	0.0	0.0	0.0	0.0	0.0	0.0	0.0	0.0	6.87	6.87	6.87	6.87	6.87	6.87	6.87	6.87	6.87	6.87	6.87	6.87	6.87	6.87	2026-04-09T07:24:56.819513	2026-04-09T16:45:32.915619	33636.096071243286	2026-04-07	2
ATEA	ATEA	139.2	0.5	1.0	2.0	3.0	4.0	5.0	6.0	7.0	8.0	9.0	10.0	0.0	0.0	0.0	139.896	140.59199999999998	141.98399999999998	143.376	144.768	146.16	147.552	148.944	150.33599999999998	151.728	153.12	139.2	139.2	139.2	2026-04-09T07:24:56.819513	2026-04-09T16:45:32.915619	33636.096071243286	2026-04-07	2
ASAS	ATLANTIC SAPPHI TR	0.206	0.0	0.0	0.0	0.0	0.0	0.0	0.0	0.0	0.0	0.0	0.0	0.0	0.0	0.0	0.206	0.206	0.206	0.206	0.206	0.206	0.206	0.206	0.206	0.206	0.206	0.206	0.206	0.206	2026-04-09T07:24:56.819513	2026-04-09T16:45:32.915619	33636.096071243286	2026-04-07	2
ASA	ATLANTIC SAPPHIRE	1.1404	0.0	0.0	0.0	0.0	0.0	0.0	0.0	0.0	0.0	0.0	0.0	0.0	0.0	0.0	1.1404	1.1404	1.1404	1.1404	1.1404	1.1404	1.1404	1.1404	1.1404	1.1404	1.1404	1.1404	1.1404	1.1404	2026-04-09T07:24:56.819513	2026-04-09T16:45:32.915619	33636.096071243286	2026-04-07	2
AURG	AURSKOG SPAREBANK	254.0	0.0	0.0	0.0	0.0	0.0	0.0	0.0	0.0	0.0	0.0	0.0	0.0	0.0	0.0	254.0	254.0	254.0	254.0	254.0	254.0	254.0	254.0	254.0	254.0	254.0	254.0	254.0	254.0	2026-04-09T07:24:56.819513	2026-04-09T16:45:32.915619	33636.096071243286	2026-04-07	2
AUSS	AUSTEVOLL SEAFOOD	104.2	0.0	0.0	0.0	0.0	0.0	0.0	0.0	0.0	0.0	0.0	0.0	0.0	0.0	0.0	104.2	104.2	104.2	104.2	104.2	104.2	104.2	104.2	104.2	104.2	104.2	104.2	104.2	104.2	2026-04-09T07:24:56.819513	2026-04-09T16:45:32.915619	33636.096071243286	2026-04-07	2
AUTO	AUTOSTORE HOLDINGS	9.875	-0.15	-0.3	-0.45	-0.6	-0.75	-1.0	-1.25	-1.5	-1.75	-2.0	-2.25	0.0	0.0	0.0	9.8601875	9.845375	9.830562500000001	9.81575	9.8009375	9.77625	9.7515625	9.726875	9.7021875	9.6775	9.6528125	9.875	9.875	9.875	2026-04-09T07:24:56.819513	2026-04-09T16:45:32.915619	33636.096071243286	2026-04-07	2
ACR	AXACTOR	6.68	0.5	1.0	2.0	3.0	4.0	5.0	6.0	7.0	8.0	9.0	10.0	0.0	0.0	0.0	6.713399999999999	6.7467999999999995	6.8136	6.8804	6.9472	7.014	7.0808	7.1476	7.2144	7.2812	7.348	6.68	6.68	6.68	2026-04-09T07:24:56.819513	2026-04-09T16:45:32.915619	33636.096071243286	2026-04-07	2
B2I	B2 Impact	23.75	0.5	1.5	2.5	3.5	4.5	5.5	6.5	7.5	8.5	9.5	10.5	0.0	0.0	0.0	23.86875	24.10625	24.343749999999996	24.581249999999997	24.818749999999998	25.05625	25.29375	25.53125	25.76875	26.006249999999998	26.24375	23.75	23.75	23.75	2026-04-09T07:24:56.819513	2026-04-09T16:45:32.915619	33636.096071243286	2026-04-07	2
BAKKA	BAKKAFROST	458.0	-0.15	0.45	1.15	1.65	2.15	3.25	4.35	5.45	6.55	7.65	8.75	0.0	0.0	0.0	457.31300000000005	460.061	463.26700000000005	465.55699999999996	467.84700000000004	472.885	477.92300000000006	482.961	487.999	493.037	498.07499999999993	458.0	458.0	458.0	2026-04-09T07:24:56.819513	2026-04-09T16:45:32.915619	33636.096071243286	2026-04-07	2
BEWI	BEWI	14.0	0.5	0.5	0.5	0.5	0.5	0.5	0.5	0.5	0.5	0.5	0.5	0.0	0.0	0.0	14.069999999999999	14.069999999999999	14.069999999999999	14.069999999999999	14.069999999999999	14.069999999999999	14.069999999999999	14.069999999999999	14.069999999999999	14.069999999999999	14.069999999999999	14.0	14.0	14.0	2026-04-09T07:24:56.819513	2026-04-09T16:45:32.915619	33636.096071243286	2026-04-07	2
BIEN	BIEN SPAREBANK	155.0	0.0	0.0	0.0	0.0	0.0	0.0	0.0	0.0	0.0	0.0	0.0	0.0	0.0	0.0	155.0	155.0	155.0	155.0	155.0	155.0	155.0	155.0	155.0	155.0	155.0	155.0	155.0	155.0	2026-04-09T07:24:56.819513	2026-04-09T16:45:32.915619	33636.096071243286	2026-04-07	2
BNOR	BLUENORD	554.0	0.5	1.0	2.0	3.0	4.0	5.0	6.0	7.0	8.0	9.0	10.0	0.0	0.0	0.0	556.77	559.54	565.08	570.62	576.16	581.7	587.24	592.7800000000001	598.32	603.86	609.4000000000001	554.0	554.0	554.0	2026-04-09T07:24:56.819513	2026-04-09T16:45:32.915619	33636.096071243286	2026-04-07	2
BONHR	BONHEUR	243.0	0.5	1.0	2.0	3.0	4.0	5.0	6.0	7.0	8.0	9.0	10.0	0.0	0.0	0.0	244.21499999999997	245.43	247.86	250.29000000000002	252.72	255.15	257.58000000000004	260.01	262.44	264.87	267.3	243.0	243.0	243.0	2026-04-09T07:24:56.819513	2026-04-09T16:45:32.915619	33636.096071243286	2026-04-07	2
BOR	BORGESTAD	16.6	48.0	1.0	2.0	3.0	1.0	2.0	3.0	6.0	1.0	2.0	3.0	4.0	5.0	0.0	24.568	16.766000000000002	16.932000000000002	17.098000000000003	16.766000000000002	16.932000000000002	17.098000000000003	17.596000000000004	16.766000000000002	16.932000000000002	17.098000000000003	17.264000000000003	17.430000000000003	16.6	2026-04-09T07:24:56.819513	2026-04-09T16:45:32.915619	33636.096071243286	2026-04-07	2
BRG	BORREGAARD	175.2	0.5	1.0	1.5	2.0	2.5	3.0	4.0	4.5	5.0	0.0	0.0	0.0	0.0	0.0	176.07599999999996	176.952	177.82799999999997	178.70399999999998	179.57999999999998	180.456	182.208	183.08399999999997	183.96	175.2	175.2	175.2	175.2	175.2	2026-04-09T07:24:56.819513	2026-04-09T16:45:32.915619	33636.096071243286	2026-04-07	2
BOUV	BOUVET	50.0	0.0	0.0	0.0	0.0	0.0	0.0	0.0	0.0	0.0	0.0	0.0	0.0	0.0	0.0	50.0	50.0	50.0	50.0	50.0	50.0	50.0	50.0	50.0	50.0	50.0	50.0	50.0	50.0	2026-04-09T07:24:56.819513	2026-04-09T16:45:32.915619	33636.096071243286	2026-04-07	2
BWE	BW ENERGY LIMITED	58.3	0.5	1.0	2.0	3.0	4.0	5.0	6.0	7.0	8.0	9.0	10.0	0.0	0.0	0.0	58.59149999999999	58.882999999999996	59.466	60.049	60.632	61.214999999999996	61.798	62.381	62.964	63.547000000000004	64.13	58.3	58.3	58.3	2026-04-09T07:24:56.819513	2026-04-09T16:45:32.915619	33636.096071243286	2026-04-07	2
BWLPG	BW LPG	168.9	0.5	1.0	2.0	3.0	4.0	5.0	6.0	7.0	8.0	9.0	10.0	0.0	0.0	0.0	169.7445	170.589	172.27800000000002	173.967	175.656	177.34500000000003	179.03400000000002	180.723	182.412	184.10100000000003	185.79000000000002	168.9	168.9	168.9	2026-04-09T07:24:56.819513	2026-04-09T16:45:32.915619	33636.096071243286	2026-04-07	2
BWO	BW OFFSHORE LTD	51.5	0.5	1.0	2.0	3.0	4.0	5.0	6.0	7.0	8.0	9.0	10.0	0.0	0.0	0.0	51.75749999999999	52.015	52.53	53.045	53.56	54.075	54.59	55.105000000000004	55.620000000000005	56.135000000000005	56.650000000000006	51.5	51.5	51.5	2026-04-09T07:24:56.819513	2026-04-09T16:45:32.915619	33636.096071243286	2026-04-07	2
CADLR	CADELER	56.7	-0.15	0.3	1.1	1.8	2.4	3.5	5.1	6.5	8.0	0.0	0.0	0.0	0.0	0.0	56.61495000000001	56.870099999999994	57.323699999999995	57.720600000000005	58.06080000000001	58.6845	59.591699999999996	60.3855	61.236000000000004	56.7	56.7	56.7	56.7	56.7	2026-04-09T07:24:56.819513	2026-04-09T16:45:32.915619	33636.096071243286	2026-04-07	2
CAPSL	CAPSOL TECHNOLOGI	4.8	0.0	0.0	0.0	0.0	0.0	0.0	0.0	0.0	0.0	0.0	0.0	0.0	0.0	0.0	4.8	4.8	4.8	4.8	4.8	4.8	4.8	4.8	4.8	4.8	4.8	4.8	4.8	4.8	2026-04-09T07:24:56.819513	2026-04-09T16:45:32.915619	33636.096071243286	2026-04-07	2
CAVEN	CAVENDISH HYDROGEN	6.46	0.0	0.0	0.0	0.0	0.0	0.0	0.0	0.0	0.0	0.0	0.0	0.0	0.0	0.0	6.46	6.46	6.46	6.46	6.46	6.46	6.46	6.46	6.46	6.46	6.46	6.46	6.46	6.46	2026-04-09T07:24:56.819513	2026-04-09T16:45:32.915619	33636.096071243286	2026-04-07	2
CRNA	CIRCIO HOLDING	10.8	0.5	1.0	2.0	3.0	4.0	5.0	6.0	7.0	8.0	9.0	10.0	0.0	0.0	0.0	10.854	10.908000000000001	11.016000000000002	11.124	11.232000000000001	11.340000000000002	11.448000000000002	11.556000000000001	11.664000000000001	11.772000000000002	11.880000000000003	10.8	10.8	10.8	2026-04-09T07:24:56.819513	2026-04-09T16:45:32.915619	33636.096071243286	2026-04-07	2
CRNAS	CIRCIO HOLDING TR	0.63	0.0	0.0	0.0	0.0	0.0	0.0	0.0	0.0	0.0	0.0	0.0	0.0	0.0	0.0	0.63	0.63	0.63	0.63	0.63	0.63	0.63	0.63	0.63	0.63	0.63	0.63	0.63	0.63	2026-04-09T07:24:56.819513	2026-04-09T16:45:32.915619	33636.096071243286	2026-04-07	2
CLOUD	CLOUDBERRY CLEAN	13.18	0.0	0.0	0.0	0.0	0.0	0.0	0.0	0.0	0.0	0.0	0.0	0.0	0.0	0.0	13.18	13.18	13.18	13.18	13.18	13.18	13.18	13.18	13.18	13.18	13.18	13.18	13.18	13.18	2026-04-09T07:24:56.819513	2026-04-09T16:45:32.915619	33636.096071243286	2026-04-07	2
CMBTO	CMB.TECH	121.4	0.5	1.0	2.0	3.0	4.0	5.0	6.0	7.0	8.0	9.0	10.0	0.0	0.0	0.0	122.00699999999999	122.614	123.828	125.04200000000002	126.25600000000001	127.47000000000001	128.68400000000003	129.89800000000002	131.11200000000002	132.32600000000002	133.54000000000002	121.4	121.4	121.4	2026-04-09T07:24:56.819513	2026-04-09T16:45:32.915619	33636.096071243286	2026-04-07	2
CONTX	CONTEXTVISION	3.5	0.0	0.0	0.0	0.0	0.0	0.0	0.0	0.0	0.0	0.0	0.0	0.0	0.0	0.0	3.5	3.5	3.5	3.5	3.5	3.5	3.5	3.5	3.5	3.5	3.5	3.5	3.5	3.5	2026-04-09T07:24:56.819513	2026-04-09T16:45:32.915619	33636.096071243286	2026-04-07	2
DELIA	DELLIA GROUP	393.0	0.0	0.0	0.0	0.0	0.0	0.0	0.0	0.0	0.0	0.0	0.0	0.0	0.0	0.0	393.0	393.0	393.0	393.0	393.0	393.0	393.0	393.0	393.0	393.0	393.0	393.0	393.0	393.0	2026-04-09T07:24:56.819513	2026-04-09T16:45:32.915619	33636.096071243286	2026-04-07	2
DNB	DNB BANK	304.3	0.5	1.0	1.5	2.0	2.5	3.0	4.0	4.5	5.0	6.0	6.5	0.0	0.0	0.0	305.82149999999996	307.343	308.86449999999996	310.386	311.90749999999997	313.42900000000003	316.47200000000004	317.9935	319.51500000000004	322.55800000000005	324.0795	304.3	304.3	304.3	2026-04-09T07:24:56.819513	2026-04-09T16:45:32.915619	33636.096071243286	2026-04-07	2
DNO	DNO	20.74	0.5	1.0	2.0	3.0	4.0	5.0	6.0	7.0	8.0	10.0	12.0	0.0	0.0	0.0	20.843699999999995	20.9474	21.154799999999998	21.362199999999998	21.569599999999998	21.777	21.9844	22.1918	22.3992	22.814	23.2288	20.74	20.74	20.74	2026-04-09T07:24:56.819513	2026-04-09T16:45:32.915619	33636.096071243286	2026-04-07	2
DOFG	DOF GROUP	137.3	0.0	0.0	0.0	0.0	0.0	0.0	0.0	0.0	0.0	0.0	0.0	0.0	0.0	0.0	137.3	137.3	137.3	137.3	137.3	137.3	137.3	137.3	137.3	137.3	137.3	137.3	137.3	137.3	2026-04-09T07:24:56.819513	2026-04-09T16:45:32.915619	33636.096071243286	2026-04-07	2
EIOF	EIDESVIK OFFSHORE	16.5	0.0	0.0	0.0	0.0	0.0	0.0	0.0	0.0	0.0	0.0	0.0	0.0	0.0	0.0	16.5	16.5	16.5	16.5	16.5	16.5	16.5	16.5	16.5	16.5	16.5	16.5	16.5	16.5	2026-04-09T07:24:56.819513	2026-04-09T16:45:32.915619	33636.096071243286	2026-04-07	2
EMGS	ELECTROMAGNET GEO	0.297	0.0	0.0	0.0	0.0	0.0	0.0	0.0	0.0	0.0	0.0	0.0	0.0	0.0	0.0	0.297	0.297	0.297	0.297	0.297	0.297	0.297	0.297	0.297	0.297	0.297	0.297	0.297	0.297	2026-04-09T07:24:56.819513	2026-04-09T16:45:32.915619	33636.096071243286	2026-04-07	2
ELK	ELKEM	28.14	0.5	1.0	2.0	3.0	4.0	5.0	6.0	7.0	8.0	9.0	10.0	0.0	0.0	0.0	28.280699999999996	28.421400000000002	28.7028	28.9842	29.265600000000003	29.547	29.828400000000002	30.109800000000003	30.3912	30.672600000000003	30.954000000000004	28.14	28.14	28.14	2026-04-09T07:24:56.819513	2026-04-09T16:45:32.915619	33636.096071243286	2026-04-07	2
ELABS	ELLIPTIC LABORATOR	2.945	48.0	1.0	2.0	3.0	1.0	2.0	3.0	6.0	1.0	2.0	3.0	4.0	5.0	0.0	4.3586	2.97445	3.0039	3.03335	2.97445	3.0039	3.03335	3.1217	2.97445	3.0039	3.03335	3.0627999999999997	3.09225	2.945	2026-04-09T07:24:56.819513	2026-04-09T16:45:32.915619	33636.096071243286	2026-04-07	2
ELMRA	ELMERA GROUP	35.05	0.0	0.0	0.0	0.0	0.0	0.0	0.0	0.0	0.0	0.0	0.0	0.0	0.0	0.0	35.05	35.05	35.05	35.05	35.05	35.05	35.05	35.05	35.05	35.05	35.05	35.05	35.05	35.05	2026-04-09T07:24:56.819513	2026-04-09T16:45:32.915619	33636.096071243286	2026-04-07	2
ELO	ELOPAK	36.3	0.0	0.0	0.0	0.0	0.0	0.0	0.0	0.0	0.0	0.0	0.0	0.0	0.0	0.0	36.3	36.3	36.3	36.3	36.3	36.3	36.3	36.3	36.3	36.3	36.3	36.3	36.3	36.3	2026-04-09T07:24:56.819513	2026-04-09T16:45:32.915619	33636.096071243286	2026-04-07	2
ENDUR	ENDÚR	104.6	0.0	0.0	0.0	0.0	0.0	0.0	0.0	0.0	0.0	0.0	0.0	0.0	0.0	0.0	104.6	104.6	104.6	104.6	104.6	104.6	104.6	104.6	104.6	104.6	104.6	104.6	104.6	104.6	2026-04-09T07:24:56.819513	2026-04-09T16:45:32.915619	33636.096071243286	2026-04-07	2
ENSU	ENSURGE MICROPOWER	0.69	0.0	0.0	0.0	0.0	0.0	0.0	0.0	0.0	0.0	0.0	0.0	0.0	0.0	0.0	0.69	0.69	0.69	0.69	0.69	0.69	0.69	0.69	0.69	0.69	0.69	0.69	0.69	0.69	2026-04-09T07:24:56.819513	2026-04-09T16:45:32.915619	33636.096071243286	2026-04-07	2
ENTRA	ENTRA	106.4	0.5	1.0	2.0	3.0	4.0	5.0	6.0	7.0	8.0	9.0	10.0	0.0	0.0	0.0	106.93199999999999	107.46400000000001	108.528	109.59200000000001	110.656	111.72000000000001	112.784	113.84800000000001	114.91200000000002	115.97600000000001	117.04000000000002	106.4	106.4	106.4	2026-04-09T07:24:56.819513	2026-04-09T16:45:32.915619	33636.096071243286	2026-04-07	2
ENVIP	ENVIPCO HOLDING	51.8	0.5	1.0	2.0	3.0	4.0	5.0	6.0	7.0	8.0	0.0	0.0	0.0	0.0	0.0	52.05899999999999	52.318	52.836	53.354	53.872	54.39	54.908	55.426	55.944	51.8	51.8	51.8	51.8	51.8	2026-04-09T07:24:56.819513	2026-04-09T16:45:32.915619	33636.096071243286	2026-04-07	2
EQNR	EQUINOR	399.1	0.5	1.0	2.0	3.0	4.0	5.0	6.0	7.0	8.0	9.0	10.0	0.0	0.0	0.0	401.09549999999996	403.091	407.08200000000005	411.07300000000004	415.064	419.05500000000006	423.04600000000005	427.03700000000003	431.0280000000001	435.01900000000006	439.01000000000005	399.1	399.1	399.1	2026-04-09T07:24:56.819513	2026-04-09T16:45:32.915619	33636.096071243286	2026-04-07	2
EQVA	EQVA	3.46	0.0	0.0	0.0	0.0	0.0	0.0	0.0	0.0	0.0	0.0	0.0	0.0	0.0	0.0	3.46	3.46	3.46	3.46	3.46	3.46	3.46	3.46	3.46	3.46	3.46	3.46	3.46	3.46	2026-04-09T07:24:56.819513	2026-04-09T16:45:32.915619	33636.096071243286	2026-04-07	2
EPR	EUROPRIS	94.0	0.0	0.0	0.0	0.0	0.0	0.0	0.0	0.0	0.0	0.0	0.0	0.0	0.0	0.0	94.0	94.0	94.0	94.0	94.0	94.0	94.0	94.0	94.0	94.0	94.0	94.0	94.0	94.0	2026-04-09T07:24:56.819513	2026-04-09T16:45:32.915619	33636.096071243286	2026-04-07	2
DFENS	FJORD DEFENCE GR	14.6	0.5	1.0	2.0	3.0	4.0	5.0	6.0	7.0	8.0	9.0	10.0	0.0	0.0	0.0	14.672999999999998	14.746	14.892	15.038	15.184	15.33	15.476	15.622	15.768	15.914000000000001	16.060000000000002	14.6	14.6	14.6	2026-04-09T07:24:56.819513	2026-04-09T16:45:32.915619	33636.096071243286	2026-04-07	2
FRO	FRONTLINE	339.3	0.0	0.0	0.0	0.0	0.0	0.0	0.0	0.0	0.0	0.0	0.0	0.0	0.0	0.0	339.3	339.3	339.3	339.3	339.3	339.3	339.3	339.3	339.3	339.3	339.3	339.3	339.3	339.3	2026-04-09T07:24:56.819513	2026-04-09T16:45:32.915619	33636.096071243286	2026-04-07	2
GENO	GENERAL OCEANS	24.875	0.5	1.0	2.0	3.0	4.0	5.0	6.0	7.0	8.0	9.0	0.0	0.0	0.0	0.0	24.999374999999997	25.12375	25.3725	25.62125	25.87	26.118750000000002	26.3675	26.61625	26.865000000000002	27.113750000000003	24.875	24.875	24.875	24.875	2026-04-09T07:24:56.819513	2026-04-09T16:45:32.915619	33636.096071243286	2026-04-07	2
GENT	GENTIAN DIAGNOSTIC	39.0	0.5	1.0	1.5	2.0	2.5	3.0	3.5	4.0	4.5	0.0	0.0	0.0	0.0	0.0	39.19499999999999	39.39	39.584999999999994	39.78	39.974999999999994	40.17	40.364999999999995	40.56	40.754999999999995	39.0	39.0	39.0	39.0	39.0	2026-04-09T07:24:56.819513	2026-04-09T16:45:32.915619	33636.096071243286	2026-04-07	2
GJF	GJENSIDIGE FORSIKR	254.4	-0.15	0.3	1.2	2.1	2.9	4.5	6.3	8.1	10.9	13.7	17.5	0.0	0.0	0.0	254.0184	255.1632	257.4528	259.7424	261.7776	265.848	270.42719999999997	275.0064	282.1296	289.25280000000004	298.92	254.4	254.4	254.4	2026-04-09T07:24:56.819513	2026-04-09T16:45:32.915619	33636.096071243286	2026-04-07	2
GOD	GOODTECH	11.1	-0.2	0.1	0.5	1.0	1.5	2.0	3.0	3.5	4.0	0.0	0.0	0.0	0.0	0.0	11.0778	11.111099999999999	11.155499999999998	11.211	11.266499999999999	11.322	11.433	11.488499999999998	11.544	11.1	11.1	11.1	11.1	11.1	2026-04-09T07:24:56.819513	2026-04-09T16:45:32.915619	33636.096071243286	2026-04-07	2
GSF	GRIEG SEAFOOD	75.9	0.5	1.5	2.5	3.5	4.5	5.5	6.5	7.5	8.5	9.5	10.5	0.0	0.0	0.0	76.2795	77.0385	77.7975	78.5565	79.3155	80.0745	80.8335	81.5925	82.3515	83.1105	83.8695	75.9	75.9	75.9	2026-04-09T07:24:56.819513	2026-04-09T16:45:32.915619	33636.096071243286	2026-04-07	2
GYL	GYLDENDAL	430.0	0.0	0.0	0.0	0.0	0.0	0.0	0.0	0.0	0.0	0.0	0.0	0.0	0.0	0.0	430.0	430.0	430.0	430.0	430.0	430.0	430.0	430.0	430.0	430.0	430.0	430.0	430.0	430.0	2026-04-09T07:24:56.819513	2026-04-09T16:45:32.915619	33636.096071243286	2026-04-07	2
HAFNI	HAFNIA LIMITED	75.68	0.5	1.5	2.5	3.5	4.5	5.5	6.5	7.5	8.5	9.5	10.0	0.0	0.0	0.0	76.05839999999999	76.8152	77.572	78.3288	79.0856	79.8424	80.5992	81.35600000000001	82.11280000000001	82.8696	83.24800000000002	75.68	75.68	75.68	2026-04-09T07:24:56.819513	2026-04-09T16:45:32.915619	33636.096071243286	2026-04-07	2
HGSB	HAUGESUND SPB	170.0	0.0	0.0	0.0	0.0	0.0	0.0	0.0	0.0	0.0	0.0	0.0	0.0	0.0	0.0	170.0	170.0	170.0	170.0	170.0	170.0	170.0	170.0	170.0	170.0	170.0	170.0	170.0	170.0	2026-04-09T07:24:56.819513	2026-04-09T16:45:32.915619	33636.096071243286	2026-04-07	2
HAVI	HAVILA SHIPPING	1.38	0.0	0.0	0.0	0.0	0.0	0.0	0.0	0.0	0.0	0.0	0.0	0.0	0.0	0.0	1.38	1.38	1.38	1.38	1.38	1.38	1.38	1.38	1.38	1.38	1.38	1.38	1.38	1.38	2026-04-09T07:24:56.819513	2026-04-09T16:45:32.915619	33636.096071243286	2026-04-07	2
HERMA	HERMANA HOLDING	16.9	0.0	0.0	0.0	0.0	0.0	0.0	0.0	0.0	0.0	0.0	0.0	0.0	0.0	0.0	16.9	16.9	16.9	16.9	16.9	16.9	16.9	16.9	16.9	16.9	16.9	16.9	16.9	16.9	2026-04-09T07:24:56.819513	2026-04-09T16:45:32.915619	33636.096071243286	2026-04-07	2
HEX	HEXAGON COMPOSITES	10.14	0.0	0.0	0.0	0.0	0.0	0.0	0.0	0.0	0.0	0.0	0.0	0.0	0.0	0.0	10.14	10.14	10.14	10.14	10.14	10.14	10.14	10.14	10.14	10.14	10.14	10.14	10.14	10.14	2026-04-09T07:24:56.819513	2026-04-09T16:45:32.915619	33636.096071243286	2026-04-07	2
HPUR	HEXAGON PURUS	1.148	-0.5	-1.0	-1.5	-2.0	-2.5	-3.0	-3.5	-4.0	-4.5	-5.0	-5.5	0.0	0.0	0.0	1.1422599999999998	1.13652	1.13078	1.1250399999999998	1.1193	1.1135599999999999	1.1078199999999998	1.10208	1.0963399999999999	1.0905999999999998	1.08486	1.148	1.148	1.148	2026-04-09T07:24:56.819513	2026-04-09T16:45:32.915619	33636.096071243286	2026-04-07	2
HSHP	HIMALAYA SHIPPING	128.4	0.5	1.0	1.5	2.0	2.5	3.0	4.0	4.5	5.0	6.0	7.0	0.0	0.0	0.0	129.042	129.684	130.326	130.96800000000002	131.60999999999999	132.252	133.536	134.178	134.82000000000002	136.104	137.388	128.4	128.4	128.4	2026-04-09T07:24:56.819513	2026-04-09T16:45:32.915619	33636.096071243286	2026-04-07	2
HBC	HOFSETH BIOCARE	1.41	0.0	0.0	0.0	0.0	0.0	0.0	0.0	0.0	0.0	0.0	0.0	0.0	0.0	0.0	1.41	1.41	1.41	1.41	1.41	1.41	1.41	1.41	1.41	1.41	1.41	1.41	1.41	1.41	2026-04-09T07:24:56.819513	2026-04-09T16:45:32.915619	33636.096071243286	2026-04-07	2
HYPRO	HYDROGENPRO	1.664	0.0	0.0	0.0	0.0	0.0	0.0	0.0	0.0	0.0	0.0	0.0	0.0	0.0	0.0	1.664	1.664	1.664	1.664	1.664	1.664	1.664	1.664	1.664	1.664	1.664	1.664	1.664	1.664	2026-04-09T07:24:56.819513	2026-04-09T16:45:32.915619	33636.096071243286	2026-04-07	2
HAUTO	HÖEGH AUTOLINERS	140.6	0.0	0.0	0.0	0.0	0.0	0.0	0.0	0.0	0.0	0.0	0.0	0.0	0.0	0.0	140.6	140.6	140.6	140.6	140.6	140.6	140.6	140.6	140.6	140.6	140.6	140.6	140.6	140.6	2026-04-09T07:24:56.819513	2026-04-09T16:45:32.915619	33636.096071243286	2026-04-07	2
HSPG	HØLAND OG SETSKOG	158.0	0.0	0.0	0.0	0.0	0.0	0.0	0.0	0.0	0.0	0.0	0.0	0.0	0.0	0.0	158.0	158.0	158.0	158.0	158.0	158.0	158.0	158.0	158.0	158.0	158.0	158.0	158.0	158.0	2026-04-09T07:24:56.819513	2026-04-09T16:45:32.915619	33636.096071243286	2026-04-07	2
IDEX	IDEX BIOMETRICS	9.6	0.5	1.0	2.0	3.0	4.0	5.0	6.0	7.0	8.0	9.0	0.0	0.0	0.0	0.0	9.647999999999998	9.696	9.792	9.888	9.984	10.08	10.176	10.272	10.368	10.464	9.6	9.6	9.6	9.6	2026-04-09T07:24:56.819513	2026-04-09T16:45:32.915619	33636.096071243286	2026-04-07	2
IWS	INTEGRATED WIND SO	58.3	0.5	1.0	2.0	3.0	4.0	5.0	6.0	7.0	8.0	9.0	10.0	0.0	0.0	0.0	58.59149999999999	58.882999999999996	59.466	60.049	60.632	61.214999999999996	61.798	62.381	62.964	63.547000000000004	64.13	58.3	58.3	58.3	2026-04-09T07:24:56.819513	2026-04-09T16:45:32.915619	33636.096071243286	2026-04-07	2
IOX	INTEROIL EXPL PROD	5.0	0.0	0.0	0.0	0.0	0.0	0.0	0.0	0.0	0.0	0.0	0.0	0.0	0.0	0.0	5.0	5.0	5.0	5.0	5.0	5.0	5.0	5.0	5.0	5.0	5.0	5.0	5.0	5.0	2026-04-09T07:24:56.819513	2026-04-09T16:45:32.915619	33636.096071243286	2026-04-07	2
ITERA	ITERA	7.2	0.0	0.0	0.0	0.0	0.0	0.0	0.0	0.0	0.0	0.0	0.0	0.0	0.0	0.0	7.2	7.2	7.2	7.2	7.2	7.2	7.2	7.2	7.2	7.2	7.2	7.2	7.2	7.2	2026-04-09T07:24:56.819513	2026-04-09T16:45:32.915619	33636.096071243286	2026-04-07	2
JIN	JINHUI SHIPP TRANS	5.9	0.0	0.0	0.0	0.0	0.0	0.0	0.0	0.0	0.0	0.0	0.0	0.0	0.0	0.0	5.9	5.9	5.9	5.9	5.9	5.9	5.9	5.9	5.9	5.9	5.9	5.9	5.9	5.9	2026-04-09T07:24:56.819513	2026-04-09T16:45:32.915619	33636.096071243286	2026-04-07	2
JAREN	JÆREN SPAREBANK	344.9	0.0	0.0	0.0	0.0	0.0	0.0	0.0	0.0	0.0	0.0	0.0	0.0	0.0	0.0	344.9	344.9	344.9	344.9	344.9	344.9	344.9	344.9	344.9	344.9	344.9	344.9	344.9	344.9	2026-04-09T07:24:56.819513	2026-04-09T16:45:32.915619	33636.096071243286	2026-04-07	2
KID	KID	126.2	0.5	1.0	2.5	4.0	5.5	8.0	12.0	15.0	20.0	25.0	30.0	0.0	0.0	0.0	126.83099999999999	127.462	129.355	131.24800000000002	133.141	136.29600000000002	141.34400000000002	145.13	151.44	157.75	164.06	126.2	126.2	126.2	2026-04-09T07:24:56.819513	2026-04-09T16:45:32.915619	33636.096071243286	2026-04-07	2
KIT	KITRON	97.95	0.5	1.5	2.5	3.5	4.5	5.5	6.5	7.5	8.5	9.5	10.5	0.0	0.0	0.0	98.43974999999999	99.41924999999999	100.39874999999999	101.37825	102.35775	103.33725	104.31675	105.29625	106.27575	107.25525	108.23475	97.95	97.95	97.95	2026-04-09T07:24:56.819513	2026-04-09T16:45:32.915619	33636.096071243286	2026-04-07	2
KCC	KLAVENESS COMBINAT	94.9	0.5	1.0	2.0	3.0	4.0	5.0	6.0	7.0	8.0	9.0	10.0	0.0	0.0	0.0	95.3745	95.849	96.798	97.74700000000001	98.69600000000001	99.64500000000001	100.59400000000001	101.543	102.49200000000002	103.44100000000002	104.39000000000001	94.9	94.9	94.9	2026-04-09T07:24:56.819513	2026-04-09T16:45:32.915619	33636.096071243286	2026-04-07	2
KMCP	KMC PROPERTIES	23.0	0.0	0.0	0.0	0.0	0.0	0.0	0.0	0.0	0.0	0.0	0.0	0.0	0.0	0.0	23.0	23.0	23.0	23.0	23.0	23.0	23.0	23.0	23.0	23.0	23.0	23.0	23.0	23.0	2026-04-09T07:24:56.819513	2026-04-09T16:45:32.915619	33636.096071243286	2026-04-07	2
KOMPL	KOMPLETT	8.5	0.5	1.0	2.0	3.0	4.0	5.0	6.0	7.0	8.0	9.0	10.0	0.0	0.0	0.0	8.542499999999999	8.585	8.67	8.755	8.84	8.925	9.01	9.095	9.18	9.265	9.350000000000001	8.5	8.5	8.5	2026-04-09T07:24:56.819513	2026-04-09T16:45:32.915619	33636.096071243286	2026-04-07	2
KOA	KONGSBERG AUTOMOT	1.956	0.0	0.0	0.0	0.0	0.0	0.0	0.0	0.0	0.0	0.0	0.0	0.0	0.0	0.0	1.956	1.956	1.956	1.956	1.956	1.956	1.956	1.956	1.956	1.956	1.956	1.956	1.956	1.956	2026-04-09T07:24:56.819513	2026-04-09T16:45:32.915619	33636.096071243286	2026-04-07	2
KOG	KONGSBERG GRUPPEN	418.85	0.0	0.0	0.0	0.0	0.0	0.0	0.0	0.0	0.0	0.0	0.0	0.0	0.0	0.0	418.85	418.85	418.85	418.85	418.85	418.85	418.85	418.85	418.85	418.85	418.85	418.85	418.85	418.85	2026-04-09T07:24:56.819513	2026-04-09T16:45:32.915619	33636.096071243286	2026-04-07	2
LSG	LERØY SEAFOOD GP	49.5	0.0	0.0	0.0	0.0	0.0	0.0	0.0	0.0	0.0	0.0	0.0	0.0	0.0	0.0	49.5	49.5	49.5	49.5	49.5	49.5	49.5	49.5	49.5	49.5	49.5	49.5	49.5	49.5	2026-04-09T07:24:56.819513	2026-04-09T16:45:32.915619	33636.096071243286	2026-04-07	2
LIFE	LIFECARE	0.446	0.0	0.0	0.0	0.0	0.0	0.0	0.0	0.0	0.0	0.0	0.0	0.0	0.0	0.0	0.446	0.446	0.446	0.446	0.446	0.446	0.446	0.446	0.446	0.446	0.446	0.446	0.446	0.446	2026-04-09T07:24:56.819513	2026-04-09T16:45:32.915619	33636.096071243286	2026-04-07	2
LIFES	LIFECARE TR2	0.089	0.0	0.0	0.0	0.0	0.0	0.0	0.0	0.0	0.0	0.0	0.0	0.0	0.0	0.0	0.089	0.089	0.089	0.089	0.089	0.089	0.089	0.089	0.089	0.089	0.089	0.089	0.089	0.089	2026-04-09T07:24:56.819513	2026-04-09T16:45:32.915619	33636.096071243286	2026-04-07	2
LINK	LINK MOBILITY GRP	22.5	0.5	1.0	2.0	3.0	4.0	5.0	6.0	7.0	8.0	9.0	10.0	0.0	0.0	0.0	22.612499999999997	22.725	22.95	23.175	23.400000000000002	23.625	23.85	24.075000000000003	24.3	24.525000000000002	24.750000000000004	22.5	22.5	22.5	2026-04-09T07:24:56.819513	2026-04-09T16:45:32.915619	33636.096071243286	2026-04-07	2
MGN	MAGNORA	23.75	0.5	1.0	2.5	3.5	4.0	5.0	6.0	7.0	8.0	10.0	0.0	0.0	0.0	0.0	23.86875	23.9875	24.343749999999996	24.581249999999997	24.7	24.9375	25.175	25.4125	25.650000000000002	26.125000000000004	23.75	23.75	23.75	23.75	2026-04-09T07:24:56.819513	2026-04-09T16:45:32.915619	33636.096071243286	2026-04-07	2
MEDI	MEDISTIM	214.0	0.0	0.0	0.0	0.0	0.0	0.0	0.0	0.0	0.0	0.0	0.0	0.0	0.0	0.0	214.0	214.0	214.0	214.0	214.0	214.0	214.0	214.0	214.0	214.0	214.0	214.0	214.0	214.0	2026-04-09T07:24:56.819513	2026-04-09T16:45:32.915619	33636.096071243286	2026-04-07	2
MELG	MELHUS SPAREBANK	184.98	0.0	0.0	0.0	0.0	0.0	0.0	0.0	0.0	0.0	0.0	0.0	0.0	0.0	0.0	184.98	184.98	184.98	184.98	184.98	184.98	184.98	184.98	184.98	184.98	184.98	184.98	184.98	184.98	2026-04-09T07:24:56.819513	2026-04-09T16:45:32.915619	33636.096071243286	2026-04-07	2
MORLD	MORELD	17.34	0.5	1.0	2.0	3.0	4.0	5.0	6.0	7.0	8.0	9.0	10.0	0.0	0.0	0.0	17.426699999999997	17.5134	17.6868	17.8602	18.0336	18.207	18.3804	18.553800000000003	18.7272	18.9006	19.074	17.34	17.34	17.34	2026-04-09T07:24:56.819513	2026-04-09T16:45:32.915619	33636.096071243286	2026-04-07	2
MOWI	MOWI	223.8	0.5	1.0	2.0	3.0	4.0	5.0	6.0	7.0	8.0	9.0	10.0	0.0	0.0	0.0	224.91899999999998	226.038	228.276	230.514	232.752	234.99	237.22800000000004	239.46600000000004	241.70400000000004	243.94200000000004	246.18000000000004	223.8	223.8	223.8	2026-04-09T07:24:56.819513	2026-04-09T16:45:32.915619	33636.096071243286	2026-04-07	2
MPCC	MPC CONTAINER SHIP	22.91	0.5	1.0	2.0	3.0	4.0	5.0	6.0	7.0	8.0	10.0	12.0	0.0	0.0	0.0	23.024549999999998	23.1391	23.3682	23.5973	23.8264	24.055500000000002	24.2846	24.5137	24.742800000000003	25.201	25.659200000000002	22.91	22.91	22.91	2026-04-09T07:24:56.819513	2026-04-09T16:45:32.915619	33636.096071243286	2026-04-07	2
MULTI	MULTICONSULT	159.0	0.0	0.0	0.0	0.0	0.0	0.0	0.0	0.0	0.0	0.0	0.0	0.0	0.0	0.0	159.0	159.0	159.0	159.0	159.0	159.0	159.0	159.0	159.0	159.0	159.0	159.0	159.0	159.0	2026-04-09T07:24:56.819513	2026-04-09T16:45:32.915619	33636.096071243286	2026-04-07	2
NAPA	NAPATECH	30.1	0.0	0.0	0.0	0.0	0.0	0.0	0.0	0.0	0.0	0.0	0.0	0.0	0.0	0.0	30.1	30.1	30.1	30.1	30.1	30.1	30.1	30.1	30.1	30.1	30.1	30.1	30.1	30.1	2026-04-09T07:24:56.819513	2026-04-09T16:45:32.915619	33636.096071243286	2026-04-07	2
NAVA	NAVAMEDIC	19.8	0.0	0.0	0.0	0.0	0.0	0.0	0.0	0.0	0.0	0.0	0.0	0.0	0.0	0.0	19.8	19.8	19.8	19.8	19.8	19.8	19.8	19.8	19.8	19.8	19.8	19.8	19.8	19.8	2026-04-09T07:24:56.819513	2026-04-09T16:45:32.915619	33636.096071243286	2026-04-07	2
NKR	NEKKAR	13.45	-0.15	0.3	1.2	2.1	2.8	4.5	6.2	7.9	9.6	12.3	15.1	0.0	0.0	0.0	13.429825	13.490349999999998	13.6114	13.732449999999998	13.8266	14.05525	14.2839	14.51255	14.741200000000001	15.104349999999998	15.48095	13.45	13.45	13.45	2026-04-09T07:24:56.819513	2026-04-09T16:45:32.915619	33636.096071243286	2026-04-07	2
NEL	NEL	2.14	0.0	0.0	0.0	0.0	0.0	0.0	0.0	0.0	0.0	0.0	0.0	0.0	0.0	0.0	2.14	2.14	2.14	2.14	2.14	2.14	2.14	2.14	2.14	2.14	2.14	2.14	2.14	2.14	2026-04-09T07:24:56.819513	2026-04-09T16:45:32.915619	33636.096071243286	2026-04-07	2
NEXT	NEXT BIOMETRICS GP	0.49	0.0	0.0	0.0	0.0	0.0	0.0	0.0	0.0	0.0	0.0	0.0	0.0	0.0	0.0	0.49	0.49	0.49	0.49	0.49	0.49	0.49	0.49	0.49	0.49	0.49	0.49	0.49	0.49	2026-04-09T07:24:56.819513	2026-04-09T16:45:32.915619	33636.096071243286	2026-04-07	2
NORBT	NORBIT	198.2	0.5	1.0	2.0	3.0	4.0	5.0	6.0	7.0	8.0	9.0	10.0	0.0	0.0	0.0	199.19099999999997	200.182	202.164	204.146	206.128	208.10999999999999	210.09199999999998	212.074	214.056	216.038	218.02	198.2	198.2	198.2	2026-04-09T07:24:56.819513	2026-04-09T16:45:32.915619	33636.096071243286	2026-04-07	2
NORCO	NORCONSULT	41.7	-0.25	0.5	1.25	2.0	2.75	4.0	6.25	8.5	11.75	15.0	20.25	0.0	0.0	0.0	41.59575	41.9085	42.22125	42.534000000000006	42.84675000000001	43.368	44.306250000000006	45.2445	46.59975	47.955	50.14425000000001	41.7	41.7	41.7	2026-04-09T07:24:56.819513	2026-04-09T16:45:32.915619	33636.096071243286	2026-04-07	2
NOM	NORDIC MINING	11.96	0.0	0.0	0.0	0.0	0.0	0.0	0.0	0.0	0.0	0.0	0.0	0.0	0.0	0.0	11.96	11.96	11.96	11.96	11.96	11.96	11.96	11.96	11.96	11.96	11.96	11.96	11.96	11.96	2026-04-09T07:24:56.819513	2026-04-09T16:45:32.915619	33636.096071243286	2026-04-07	2
NOD	NORDIC SEMICONDUC	152.7	0.0	0.0	0.0	0.0	0.0	0.0	0.0	0.0	0.0	0.0	0.0	0.0	0.0	0.0	152.7	152.7	152.7	152.7	152.7	152.7	152.7	152.7	152.7	152.7	152.7	152.7	152.7	152.7	2026-04-09T07:24:56.819513	2026-04-09T16:45:32.915619	33636.096071243286	2026-04-07	2
NHY	NORSK HYDRO	102.6	0.5	1.0	2.0	3.0	4.0	5.0	6.0	7.0	8.0	9.0	10.0	0.0	0.0	0.0	103.11299999999999	103.62599999999999	104.652	105.678	106.704	107.73	108.756	109.782	110.808	111.834	112.86	102.6	102.6	102.6	2026-04-09T07:24:56.819513	2026-04-09T16:45:32.915619	33636.096071243286	2026-04-07	2
NSKOG	NORSKE SKOG	39.75	0.0	0.0	0.0	0.0	0.0	0.0	0.0	0.0	0.0	0.0	0.0	0.0	0.0	0.0	39.75	39.75	39.75	39.75	39.75	39.75	39.75	39.75	39.75	39.75	39.75	39.75	39.75	39.75	2026-04-09T07:24:56.819513	2026-04-09T16:45:32.915619	33636.096071243286	2026-04-07	2
NOL	NORTHERN OCEAN LTD	9.1	0.0	0.0	0.0	0.0	0.0	0.0	0.0	0.0	0.0	0.0	0.0	0.0	0.0	0.0	9.1	9.1	9.1	9.1	9.1	9.1	9.1	9.1	9.1	9.1	9.1	9.1	9.1	9.1	2026-04-09T07:24:56.819513	2026-04-09T16:45:32.915619	33636.096071243286	2026-04-07	2
NAS	NORWEGIAN AIR SHUT	14.72	0.0	0.0	0.0	0.0	0.0	0.0	0.0	0.0	0.0	0.0	0.0	0.0	0.0	0.0	14.72	14.72	14.72	14.72	14.72	14.72	14.72	14.72	14.72	14.72	14.72	14.72	14.72	14.72	2026-04-09T07:24:56.819513	2026-04-09T16:45:32.915619	33636.096071243286	2026-04-07	2
NRC	NRC GROUP	7.65	0.0	0.0	0.0	0.0	0.0	0.0	0.0	0.0	0.0	0.0	0.0	0.0	0.0	0.0	7.65	7.65	7.65	7.65	7.65	7.65	7.65	7.65	7.65	7.65	7.65	7.65	7.65	7.65	2026-04-09T07:24:56.819513	2026-04-09T16:45:32.915619	33636.096071243286	2026-04-07	2
NYKD	NYKODE THERAPEUTIC	3.44	0.0	0.0	0.0	0.0	0.0	0.0	0.0	0.0	0.0	0.0	0.0	0.0	0.0	0.0	3.44	3.44	3.44	3.44	3.44	3.44	3.44	3.44	3.44	3.44	3.44	3.44	3.44	3.44	2026-04-09T07:24:56.819513	2026-04-09T16:45:32.915619	33636.096071243286	2026-04-07	2
ODL	ODFJELL DRILLING	101.4	0.5	1.0	2.0	3.0	4.0	5.0	6.0	7.0	8.0	9.0	10.0	0.0	0.0	0.0	101.907	102.414	103.42800000000001	104.44200000000001	105.456	106.47000000000001	107.48400000000001	108.49800000000002	109.51200000000001	110.52600000000001	111.54000000000002	101.4	101.4	101.4	2026-04-09T07:24:56.819513	2026-04-09T16:45:32.915619	33636.096071243286	2026-04-07	2
ODF	ODFJELL SER. A	121.0	0.0	0.0	0.0	0.0	0.0	0.0	0.0	0.0	0.0	0.0	0.0	0.0	0.0	0.0	121.0	121.0	121.0	121.0	121.0	121.0	121.0	121.0	121.0	121.0	121.0	121.0	121.0	121.0	2026-04-09T07:24:56.819513	2026-04-09T16:45:32.915619	33636.096071243286	2026-04-07	2
ODFB	ODFJELL SER. B	118.0	0.5	0.8	1.2	1.5	1.8	2.5	3.0	3.5	4.0	5.0	6.0	0.0	0.0	0.0	118.58999999999999	118.944	119.416	119.76999999999998	120.124	120.94999999999999	121.54	122.13	122.72	123.9	125.08000000000001	118.0	118.0	118.0	2026-04-09T07:24:56.819513	2026-04-09T16:45:32.915619	33636.096071243286	2026-04-07	2
OTL	ODFJELL TECHNOLOGY	73.1	0.5	1.2	2.5	3.5	4.5	5.5	6.5	7.5	8.5	9.5	10.5	0.0	0.0	0.0	73.46549999999999	73.9772	74.92749999999998	75.65849999999999	76.38949999999998	77.12049999999999	77.85149999999999	78.5825	79.31349999999999	80.04449999999999	80.7755	73.1	73.1	73.1	2026-04-09T07:24:56.819513	2026-04-09T16:45:32.915619	33636.096071243286	2026-04-07	2
OKEA	OKEA	39.75	0.5	1.0	2.0	3.0	4.0	5.0	6.0	7.0	8.0	9.0	10.0	0.0	0.0	0.0	39.94875	40.1475	40.545	40.9425	41.34	41.737500000000004	42.135000000000005	42.532500000000006	42.93	43.3275	43.725	39.75	39.75	39.75	2026-04-09T07:24:56.819513	2026-04-09T16:45:32.915619	33636.096071243286	2026-04-07	2
OET	OKEANIS ECO TANKER	495.0	0.0	0.0	0.0	0.0	0.0	0.0	0.0	0.0	0.0	0.0	0.0	0.0	0.0	0.0	495.0	495.0	495.0	495.0	495.0	495.0	495.0	495.0	495.0	495.0	495.0	495.0	495.0	495.0	2026-04-09T07:24:56.819513	2026-04-09T16:45:32.915619	33636.096071243286	2026-04-07	2
ONCIN	ONCOINVENT	46.72	0.0	0.0	0.0	0.0	0.0	0.0	0.0	0.0	0.0	0.0	0.0	0.0	0.0	0.0	46.72	46.72	46.72	46.72	46.72	46.72	46.72	46.72	46.72	46.72	46.72	46.72	46.72	46.72	2026-04-09T07:24:56.819513	2026-04-09T16:45:32.915619	33636.096071243286	2026-04-07	2
ORK	ORKLA	122.7	0.5	1.0	2.0	3.0	4.0	5.0	6.0	7.0	8.0	9.0	10.0	0.0	0.0	0.0	123.31349999999999	123.927	125.15400000000001	126.381	127.608	128.835	130.062	131.28900000000002	132.51600000000002	133.74300000000002	134.97000000000003	122.7	122.7	122.7	2026-04-09T07:24:56.819513	2026-04-09T16:45:32.915619	33636.096071243286	2026-04-07	2
OTEC	OTELLO CORPORATION	18.7	0.5	1.5	2.0	2.5	3.0	4.0	5.0	6.0	7.0	8.0	9.0	0.0	0.0	0.0	18.793499999999998	18.980499999999996	19.073999999999998	19.167499999999997	19.261	19.448	19.635	19.822	20.009	20.196	20.383	18.7	18.7	18.7	2026-04-09T07:24:56.819513	2026-04-09T16:45:32.915619	33636.096071243286	2026-04-07	2
OTOVO	OTOVO	12.5	0.0	0.0	0.0	0.0	0.0	0.0	0.0	0.0	0.0	0.0	0.0	0.0	0.0	0.0	12.5	12.5	12.5	12.5	12.5	12.5	12.5	12.5	12.5	12.5	12.5	12.5	12.5	12.5	2026-04-09T07:24:56.819513	2026-04-09T16:45:32.915619	33636.096071243286	2026-04-07	2
PEN	PANORO ENERGY	33.5	-0.45	-0.35	0.15	0.3	0.4	1.0	2.0	2.5	3.5	5.0	7.0	0.0	0.0	0.0	33.349250000000005	33.38275	33.550250000000005	33.6005	33.634	33.835	34.17	34.3375	34.6725	35.175000000000004	35.845	33.5	33.5	33.5	2026-04-09T07:24:56.819513	2026-04-09T16:45:32.915619	33636.096071243286	2026-04-07	2
PLSV	PARATUS ENERGY SER	46.3	0.5	1.0	2.0	3.0	4.0	5.0	6.0	7.0	8.0	9.0	10.0	0.0	0.0	0.0	46.531499999999994	46.763	47.226	47.689	48.152	48.615	49.078	49.541	50.004	50.467	50.93	46.3	46.3	46.3	2026-04-09T07:24:56.819513	2026-04-09T16:45:32.915619	33636.096071243286	2026-04-07	2
PARB	PARETO BANK	85.4	0.0	0.0	0.0	0.0	0.0	0.0	0.0	0.0	0.0	0.0	0.0	0.0	0.0	0.0	85.4	85.4	85.4	85.4	85.4	85.4	85.4	85.4	85.4	85.4	85.4	85.4	85.4	85.4	2026-04-09T07:24:56.819513	2026-04-09T16:45:32.915619	33636.096071243286	2026-04-07	2
PCIB	PCI BIOTECH HOLD	0.16	48.0	1.0	2.0	3.0	1.0	2.0	3.0	6.0	1.0	2.0	3.0	4.0	5.0	0.0	0.2368	0.1616	0.1632	0.1648	0.1616	0.1632	0.1648	0.1696	0.1616	0.1632	0.1648	0.16640000000000002	0.168	0.16	2026-04-09T07:24:56.819513	2026-04-09T16:45:32.915619	33636.096071243286	2026-04-07	2
PSE	PETROLIA	5.96	0.5	1.0	2.0	3.0	4.0	5.0	6.0	7.0	8.0	9.0	10.0	0.0	0.0	0.0	5.989799999999999	6.0196	6.0792	6.1388	6.1984	6.258	6.3176000000000005	6.3772	6.436800000000001	6.4964	6.556	5.96	5.96	5.96	2026-04-09T07:24:56.819513	2026-04-09T16:45:32.915619	33636.096071243286	2026-04-07	2
PNOR	PETRONOR E&P	12.96	0.5	1.0	2.0	3.0	4.0	5.0	6.0	7.0	8.0	9.0	10.0	0.0	0.0	0.0	13.024799999999999	13.0896	13.2192	13.3488	13.4784	13.608000000000002	13.737600000000002	13.867200000000002	13.996800000000002	14.126400000000002	14.256000000000002	12.96	12.96	12.96	2026-04-09T07:24:56.819513	2026-04-09T16:45:32.915619	33636.096071243286	2026-04-07	2
PEXIP	PEXIP HOLDING	61.4	0.5	1.0	2.0	3.0	4.0	5.0	6.0	7.0	8.0	9.0	10.0	0.0	0.0	0.0	61.706999999999994	62.013999999999996	62.628	63.242	63.856	64.47	65.084	65.69800000000001	66.312	66.926	67.54	61.4	61.4	61.4	2026-04-09T07:24:56.819513	2026-04-09T16:45:32.915619	33636.096071243286	2026-04-07	2
PHO	PHOTOCURE	59.7	0.5	1.0	2.0	3.0	4.0	5.0	6.0	7.0	8.0	9.0	10.0	0.0	0.0	0.0	59.9985	60.297000000000004	60.894000000000005	61.49100000000001	62.08800000000001	62.685	63.282000000000004	63.879000000000005	64.47600000000001	65.07300000000001	65.67	59.7	59.7	59.7	2026-04-09T07:24:56.819513	2026-04-09T16:45:32.915619	33636.096071243286	2026-04-07	2
POL	POLARIS MEDIA	60.5	0.5	1.0	2.0	3.0	4.0	5.0	6.0	7.0	8.0	9.0	10.0	0.0	0.0	0.0	60.802499999999995	61.105000000000004	61.71	62.315000000000005	62.92	63.525000000000006	64.13000000000001	64.735	65.34	65.94500000000001	66.55000000000001	60.5	60.5	60.5	2026-04-09T07:24:56.819513	2026-04-09T16:45:32.915619	33636.096071243286	2026-04-07	2
PLT	POLIGHT	5.3	0.0	0.0	0.0	0.0	0.0	0.0	0.0	0.0	0.0	0.0	0.0	0.0	0.0	0.0	5.3	5.3	5.3	5.3	5.3	5.3	5.3	5.3	5.3	5.3	5.3	5.3	5.3	5.3	2026-04-09T07:24:56.819513	2026-04-09T16:45:32.915619	33636.096071243286	2026-04-07	2
PRS	PROSAFE	3.425	0.0	0.0	0.0	0.0	0.0	0.0	0.0	0.0	0.0	0.0	0.0	0.0	0.0	0.0	3.425	3.425	3.425	3.425	3.425	3.425	3.425	3.425	3.425	3.425	3.425	3.425	3.425	3.425	2026-04-09T07:24:56.819513	2026-04-09T16:45:32.915619	33636.096071243286	2026-04-07	2
PROT	PROTECTOR FORSIKRG	466.0	0.5	1.0	2.0	3.0	4.0	5.0	6.0	7.0	8.0	9.0	10.0	0.0	0.0	0.0	468.3299999999999	470.66	475.32	479.98	484.64000000000004	489.3	493.96000000000004	498.62	503.28000000000003	507.94000000000005	512.6	466.0	466.0	466.0	2026-04-09T07:24:56.819513	2026-04-09T16:45:32.915619	33636.096071243286	2026-04-07	2
PUBLI	PUBLIC PROPERTY IN	21.7	0.0	0.0	0.0	0.0	0.0	0.0	0.0	0.0	0.0	0.0	0.0	0.0	0.0	0.0	21.7	21.7	21.7	21.7	21.7	21.7	21.7	21.7	21.7	21.7	21.7	21.7	21.7	21.7	2026-04-09T07:24:56.819513	2026-04-09T16:45:32.915619	33636.096071243286	2026-04-07	2
QEC	QUESTERRE ENERGY	1.98	0.0	0.0	0.0	0.0	0.0	0.0	0.0	0.0	0.0	0.0	0.0	0.0	0.0	0.0	1.98	1.98	1.98	1.98	1.98	1.98	1.98	1.98	1.98	1.98	1.98	1.98	1.98	1.98	2026-04-09T07:24:56.819513	2026-04-09T16:45:32.915619	33636.096071243286	2026-04-07	2
RANA	RANA GRUBER	78.3	-0.45	-0.35	0.15	0.3	0.45	1.2	2.5	3.8	5.1	7.4	9.7	0.0	0.0	0.0	77.94765	78.02595	78.41745	78.5349	78.65235	79.2396	80.2575	81.2754	82.29329999999999	84.0942	85.8951	78.3	78.3	78.3	2026-04-09T07:24:56.819513	2026-04-09T16:45:32.915619	33636.096071243286	2026-04-07	2
REACH	REACH SUBSEA	7.09	0.5	1.0	2.0	3.0	4.0	5.0	6.0	7.0	8.0	10.0	12.0	0.0	0.0	0.0	7.125449999999999	7.1609	7.2318	7.3027	7.3736	7.444500000000001	7.5154000000000005	7.5863000000000005	7.6572000000000005	7.799	7.9408	7.09	7.09	7.09	2026-04-09T07:24:56.819513	2026-04-09T16:45:32.915619	33636.096071243286	2026-04-07	2
RECSI	REC SILICON	0.2758	0.0	0.0	0.0	0.0	0.0	0.0	0.0	0.0	0.0	0.0	0.0	0.0	0.0	0.0	0.2758	0.2758	0.2758	0.2758	0.2758	0.2758	0.2758	0.2758	0.2758	0.2758	0.2758	0.2758	0.2758	0.2758	2026-04-09T07:24:56.819513	2026-04-09T16:45:32.915619	33636.096071243286	2026-04-07	2
ROGS	ROGALAND SPAREBANK	148.8	0.0	0.0	0.0	0.0	0.0	0.0	0.0	0.0	0.0	0.0	0.0	0.0	0.0	0.0	148.8	148.8	148.8	148.8	148.8	148.8	148.8	148.8	148.8	148.8	148.8	148.8	148.8	148.8	2026-04-09T07:24:56.819513	2026-04-09T16:45:32.915619	33636.096071243286	2026-04-07	2
SDSD	S.D. STANDARD ETC	1.865	0.0	0.0	0.0	0.0	0.0	0.0	0.0	0.0	0.0	0.0	0.0	0.0	0.0	0.0	1.865	1.865	1.865	1.865	1.865	1.865	1.865	1.865	1.865	1.865	1.865	1.865	1.865	1.865	2026-04-09T07:24:56.819513	2026-04-09T16:45:32.915619	33636.096071243286	2026-04-07	2
SAGA	SAGA PURE	1.465	0.0	0.0	0.0	0.0	0.0	0.0	0.0	0.0	0.0	0.0	0.0	0.0	0.0	0.0	1.465	1.465	1.465	1.465	1.465	1.465	1.465	1.465	1.465	1.465	1.465	1.465	1.465	1.465	2026-04-09T07:24:56.819513	2026-04-09T16:45:32.915619	33636.096071243286	2026-04-07	2
SALM	SALMAR	578.0	-0.45	-0.35	0.15	0.3	0.4	1.2	2.5	3.5	5.0	7.0	9.0	0.0	0.0	0.0	575.399	575.977	578.8670000000001	579.7339999999999	580.312	584.936	592.4499999999999	598.2299999999999	606.9	618.46	630.0200000000001	578.0	578.0	578.0	2026-04-09T07:24:56.819513	2026-04-09T16:45:32.915619	33636.096071243286	2026-04-07	2
SALME	SALMON EVOLUTION	4.925	0.0	0.0	0.0	0.0	0.0	0.0	0.0	0.0	0.0	0.0	0.0	0.0	0.0	0.0	4.925	4.925	4.925	4.925	4.925	4.925	4.925	4.925	4.925	4.925	4.925	4.925	4.925	4.925	2026-04-09T07:24:56.819513	2026-04-09T16:45:32.915619	33636.096071243286	2026-04-07	2
SATS	SATS	43.6	-0.15	0.3	1.2	2.1	2.9	4.5	6.3	7.8	9.5	12.1	14.8	0.0	0.0	0.0	43.534600000000005	43.730799999999995	44.123200000000004	44.5156	44.864399999999996	45.562	46.3468	47.000800000000005	47.742	48.8756	50.052800000000005	43.6	43.6	43.6	2026-04-09T07:24:56.819513	2026-04-09T16:45:32.915619	33636.096071243286	2026-04-07	2
SCANA	SCANA	1.41	0.5	1.0	2.0	3.0	4.0	5.0	6.0	7.0	8.0	9.0	10.0	0.0	0.0	0.0	1.4170499999999997	1.4241	1.4382	1.4523	1.4664	1.4805	1.4946	1.5087	1.5228	1.5369	1.551	1.41	1.41	1.41	2026-04-09T07:24:56.819513	2026-04-09T16:45:32.915619	33636.096071243286	2026-04-07	2
SCATC	SCATEC	133.2	0.5	1.5	2.5	3.5	4.5	5.5	6.5	7.5	8.5	9.5	10.0	0.0	0.0	0.0	133.86599999999999	135.19799999999998	136.52999999999997	137.86199999999997	139.194	140.52599999999998	141.85799999999998	143.18999999999997	144.522	145.85399999999998	146.52	133.2	133.2	133.2	2026-04-09T07:24:56.819513	2026-04-09T16:45:32.915619	33636.096071243286	2026-04-07	2
ENH	SED ENERGY HOLDING	8.98	0.5	1.0	2.0	3.0	4.0	5.0	6.0	7.0	8.0	9.0	10.0	0.0	0.0	0.0	9.024899999999999	9.0698	9.159600000000001	9.249400000000001	9.3392	9.429	9.5188	9.608600000000001	9.698400000000001	9.788200000000002	9.878000000000002	8.98	8.98	8.98	2026-04-09T07:24:56.819513	2026-04-09T16:45:32.915619	33636.096071243286	2026-04-07	2
SBO	SELVAAG BOLIG	34.25	0.5	1.0	2.0	3.0	4.0	5.0	6.0	7.0	8.0	10.0	12.0	0.0	0.0	0.0	34.42124999999999	34.5925	34.935	35.2775	35.620000000000005	35.9625	36.305	36.6475	36.99	37.675000000000004	38.36000000000001	34.25	34.25	34.25	2026-04-09T07:24:56.819513	2026-04-09T16:45:32.915619	33636.096071243286	2026-04-07	2
SNTIA	SENTIA	73.8	0.5	1.0	2.0	3.0	4.0	5.0	6.0	7.0	8.0	10.0	12.0	0.0	0.0	0.0	74.16899999999998	74.538	75.276	76.014	76.752	77.49	78.228	78.96600000000001	79.70400000000001	81.18	82.656	73.8	73.8	73.8	2026-04-09T07:24:56.819513	2026-04-09T16:45:32.915619	33636.096071243286	2026-04-07	2
SKUE	SKUE SPAREBANK	338.0	0.0	0.0	0.0	0.0	0.0	0.0	0.0	0.0	0.0	0.0	0.0	0.0	0.0	0.0	338.0	338.0	338.0	338.0	338.0	338.0	338.0	338.0	338.0	338.0	338.0	338.0	338.0	338.0	2026-04-09T07:24:56.819513	2026-04-09T16:45:32.915619	33636.096071243286	2026-04-07	2
SMOP	SMARTOPTICS GROUP	44.4	0.0	0.0	0.0	0.0	0.0	0.0	0.0	0.0	0.0	0.0	0.0	0.0	0.0	0.0	44.4	44.4	44.4	44.4	44.4	44.4	44.4	44.4	44.4	44.4	44.4	44.4	44.4	44.4	2026-04-09T07:24:56.819513	2026-04-09T16:45:32.915619	33636.096071243286	2026-04-07	2
SWON	SOFTWAREONE HOLD	77.36	0.5	0.5	0.5	0.5	0.5	0.5	0.5	0.5	0.5	0.5	0.5	0.0	0.0	0.0	77.7468	77.7468	77.7468	77.7468	77.7468	77.7468	77.7468	77.7468	77.7468	77.7468	77.7468	77.36	77.36	77.36	2026-04-09T07:24:56.819513	2026-04-09T16:45:32.915619	33636.096071243286	2026-04-07	2
SOGN	SOGN SPAREBANK	337.95	0.0	0.0	0.0	0.0	0.0	0.0	0.0	0.0	0.0	0.0	0.0	0.0	0.0	0.0	337.95	337.95	337.95	337.95	337.95	337.95	337.95	337.95	337.95	337.95	337.95	337.95	337.95	337.95	2026-04-09T07:24:56.819513	2026-04-09T16:45:32.915619	33636.096071243286	2026-04-07	2
SOMA	SOLSTAD MARITIME	28.75	0.0	0.0	0.0	0.0	0.0	0.0	0.0	0.0	0.0	0.0	0.0	0.0	0.0	0.0	28.75	28.75	28.75	28.75	28.75	28.75	28.75	28.75	28.75	28.75	28.75	28.75	28.75	28.75	2026-04-09T07:24:56.819513	2026-04-09T16:45:32.915619	33636.096071243286	2026-04-07	2
SOFF	SOLSTAD OFFSHORE	68.1	0.5	0.5	0.5	0.5	0.5	0.5	0.5	0.5	0.5	0.5	0.5	0.0	0.0	0.0	68.44049999999999	68.44049999999999	68.44049999999999	68.44049999999999	68.44049999999999	68.44049999999999	68.44049999999999	68.44049999999999	68.44049999999999	68.44049999999999	68.44049999999999	68.1	68.1	68.1	2026-04-09T07:24:56.819513	2026-04-09T16:45:32.915619	33636.096071243286	2026-04-07	2
MING	SPAREBANK 1 SMN	205.5	0.0	0.0	0.0	0.0	0.0	0.0	0.0	0.0	0.0	0.0	0.0	0.0	0.0	0.0	205.5	205.5	205.5	205.5	205.5	205.5	205.5	205.5	205.5	205.5	205.5	205.5	205.5	205.5	2026-04-09T07:24:56.819513	2026-04-09T16:45:32.915619	33636.096071243286	2026-04-07	2
SB1NO	SPAREBANK 1 SØR-N	210.5	0.5	1.0	2.0	3.0	4.0	5.0	6.0	7.0	8.0	9.0	0.0	0.0	0.0	0.0	211.55249999999998	212.605	214.71	216.815	218.92000000000002	221.025	223.13000000000002	225.235	227.34	229.44500000000002	210.5	210.5	210.5	210.5	2026-04-09T07:24:56.819513	2026-04-09T16:45:32.915619	33636.096071243286	2026-04-07	2
MORG	SPAREBANKEN MØRE	117.42	0.5	0.5	1.0	1.0	1.0	2.0	2.0	2.0	3.0	4.0	0.0	0.0	0.0	0.0	118.0071	118.0071	118.5942	118.5942	118.5942	119.7684	119.7684	119.7684	120.9426	122.11680000000001	117.42	117.42	117.42	117.42	2026-04-09T07:24:56.819513	2026-04-09T16:45:32.915619	33636.096071243286	2026-04-07	2
SBNOR	SPAREBANKEN NORGE	201.75	0.0	0.0	0.0	0.0	0.0	0.0	0.0	0.0	0.0	0.0	0.0	0.0	0.0	0.0	201.75	201.75	201.75	201.75	201.75	201.75	201.75	201.75	201.75	201.75	201.75	201.75	201.75	201.75	2026-04-09T07:24:56.819513	2026-04-09T16:45:32.915619	33636.096071243286	2026-04-07	2
SPOG	SPAREBANKEN ØST	79.7	0.5	1.0	2.0	3.0	4.0	5.0	6.0	7.0	8.0	9.0	10.0	0.0	0.0	0.0	80.0985	80.497	81.29400000000001	82.09100000000001	82.888	83.685	84.48200000000001	85.27900000000001	86.07600000000001	86.873	87.67000000000002	79.7	79.7	79.7	2026-04-09T07:24:56.819513	2026-04-09T16:45:32.915619	33636.096071243286	2026-04-07	2
SNOR	SPBK 1 NORDMØRE	188.0	48.0	1.0	2.0	3.0	1.0	2.0	3.0	6.0	1.0	2.0	3.0	4.0	5.0	0.0	278.24	189.88	191.76	193.64000000000001	189.88	191.76	193.64000000000001	199.28	189.88	191.76	193.64000000000001	195.52	197.4	188.0	2026-04-09T07:24:56.819513	2026-04-09T16:45:32.915619	33636.096071243286	2026-04-07	2
SPOL	SPBK 1 ØSTLANDET	200.05	0.0	0.0	0.0	0.0	0.0	0.0	0.0	0.0	0.0	0.0	0.0	0.0	0.0	0.0	200.05	200.05	200.05	200.05	200.05	200.05	200.05	200.05	200.05	200.05	200.05	200.05	200.05	200.05	2026-04-09T07:24:56.819513	2026-04-09T16:45:32.915619	33636.096071243286	2026-04-07	2
HELG	SPBK1 HELGELAND	164.0	0.0	0.0	0.0	0.0	0.0	0.0	0.0	0.0	0.0	0.0	0.0	0.0	0.0	0.0	164.0	164.0	164.0	164.0	164.0	164.0	164.0	164.0	164.0	164.0	164.0	164.0	164.0	164.0	2026-04-09T07:24:56.819513	2026-04-09T16:45:32.915619	33636.096071243286	2026-04-07	2
NONG	SPBK1 NORD-NORGE	156.62	0.0	0.0	0.0	0.0	0.0	0.0	0.0	0.0	0.0	0.0	0.0	0.0	0.0	0.0	156.62	156.62	156.62	156.62	156.62	156.62	156.62	156.62	156.62	156.62	156.62	156.62	156.62	156.62	2026-04-09T07:24:56.819513	2026-04-09T16:45:32.915619	33636.096071243286	2026-04-07	2
RING	SPBK1 RINGERIKE	446.0	0.0	0.0	0.0	0.0	0.0	0.0	0.0	0.0	0.0	0.0	0.0	0.0	0.0	0.0	446.0	446.0	446.0	446.0	446.0	446.0	446.0	446.0	446.0	446.0	446.0	446.0	446.0	446.0	2026-04-09T07:24:56.819513	2026-04-09T16:45:32.915619	33636.096071243286	2026-04-07	2
SOAG	SPBK1 ØSTFOLD AKE	442.95	0.0	0.0	0.0	0.0	0.0	0.0	0.0	0.0	0.0	0.0	0.0	0.0	0.0	0.0	442.95	442.95	442.95	442.95	442.95	442.95	442.95	442.95	442.95	442.95	442.95	442.95	442.95	442.95	2026-04-09T07:24:56.819513	2026-04-09T16:45:32.915619	33636.096071243286	2026-04-07	2
SNI	STOLT-NIELSEN	332.5	0.0	0.0	0.0	0.0	0.0	0.0	0.0	0.0	0.0	0.0	0.0	0.0	0.0	0.0	332.5	332.5	332.5	332.5	332.5	332.5	332.5	332.5	332.5	332.5	332.5	332.5	332.5	332.5	2026-04-09T07:24:56.819513	2026-04-09T16:45:32.915619	33636.096071243286	2026-04-07	2
STB	STOREBRAND	175.4	0.5	1.0	2.0	3.0	4.0	5.0	6.0	7.0	8.0	9.0	10.0	0.0	0.0	0.0	176.277	177.154	178.90800000000002	180.662	182.41600000000003	184.17000000000002	185.924	187.67800000000003	189.43200000000002	191.186	192.94000000000003	175.4	175.4	175.4	2026-04-09T07:24:56.819513	2026-04-09T16:45:32.915619	33636.096071243286	2026-04-07	2
STRO	STRONGPOINT	10.5	0.0	0.0	0.0	0.0	0.0	0.0	0.0	0.0	0.0	0.0	0.0	0.0	0.0	0.0	10.5	10.5	10.5	10.5	10.5	10.5	10.5	10.5	10.5	10.5	10.5	10.5	10.5	10.5	2026-04-09T07:24:56.819513	2026-04-09T16:45:32.915619	33636.096071243286	2026-04-07	2
SUBC	SUBSEA 7	293.2	0.0	0.0	0.0	0.0	0.0	0.0	0.0	0.0	0.0	0.0	0.0	0.0	0.0	0.0	293.2	293.2	293.2	293.2	293.2	293.2	293.2	293.2	293.2	293.2	293.2	293.2	293.2	293.2	2026-04-09T07:24:56.819513	2026-04-09T16:45:32.915619	33636.096071243286	2026-04-07	2
TECH	TECHSTEP	10.65	0.0	0.0	0.0	0.0	0.0	0.0	0.0	0.0	0.0	0.0	0.0	0.0	0.0	0.0	10.65	10.65	10.65	10.65	10.65	10.65	10.65	10.65	10.65	10.65	10.65	10.65	10.65	10.65	2026-04-09T07:24:56.819513	2026-04-09T16:45:32.915619	33636.096071243286	2026-04-07	2
TEKNA	TEKNA HOLDING	3.38	0.0	0.0	0.0	0.0	0.0	0.0	0.0	0.0	0.0	0.0	0.0	0.0	0.0	0.0	3.38	3.38	3.38	3.38	3.38	3.38	3.38	3.38	3.38	3.38	3.38	3.38	3.38	3.38	2026-04-09T07:24:56.819513	2026-04-09T16:45:32.915619	33636.096071243286	2026-04-07	2
TEL	TELENOR	170.3	0.0	0.0	0.0	0.0	0.0	0.0	0.0	0.0	0.0	0.0	0.0	0.0	0.0	0.0	170.3	170.3	170.3	170.3	170.3	170.3	170.3	170.3	170.3	170.3	170.3	170.3	170.3	170.3	2026-04-09T07:24:56.819513	2026-04-09T16:45:32.915619	33636.096071243286	2026-04-07	2
TGS	TGS	127.0	0.5	1.0	2.0	3.0	4.0	5.0	6.0	7.0	8.0	9.0	10.0	0.0	0.0	0.0	127.63499999999999	128.27	129.54	130.81	132.08	133.35	134.62	135.89000000000001	137.16	138.43	139.70000000000002	127.0	127.0	127.0	2026-04-09T07:24:56.819513	2026-04-09T16:45:32.915619	33636.096071243286	2026-04-07	2
TRMED	THOR MEDICAL	4.89	0.0	0.0	0.0	0.0	0.0	0.0	0.0	0.0	0.0	0.0	0.0	0.0	0.0	0.0	4.89	4.89	4.89	4.89	4.89	4.89	4.89	4.89	4.89	4.89	4.89	4.89	4.89	4.89	2026-04-09T07:24:56.819513	2026-04-09T16:45:32.915619	33636.096071243286	2026-04-07	2
TIETO	TIETOEVRY	209.2	0.0	0.0	0.0	0.0	0.0	0.0	0.0	0.0	0.0	0.0	0.0	0.0	0.0	0.0	209.2	209.2	209.2	209.2	209.2	209.2	209.2	209.2	209.2	209.2	209.2	209.2	209.2	209.2	2026-04-09T07:24:56.819513	2026-04-09T16:45:32.915619	33636.096071243286	2026-04-07	2
TOM	TOMRA SYSTEMS	116.4	0.5	1.0	2.0	3.0	4.0	5.0	6.0	7.0	8.0	9.0	10.0	0.0	0.0	0.0	116.982	117.56400000000001	118.72800000000001	119.89200000000001	121.05600000000001	122.22000000000001	123.38400000000001	124.54800000000002	125.71200000000002	126.87600000000002	128.04000000000002	116.4	116.4	116.4	2026-04-09T07:24:56.819513	2026-04-09T16:45:32.915619	33636.096071243286	2026-04-07	2
TRSB	TRØNDELAG SPBK	112.2	48.0	1.0	2.0	3.0	1.0	2.0	3.0	6.0	1.0	2.0	3.0	4.0	5.0	0.0	166.056	113.322	114.444	115.566	113.322	114.444	115.566	118.932	113.322	114.444	115.566	116.688	117.81	112.2	2026-04-09T07:24:56.819513	2026-04-09T16:45:32.915619	33636.096071243286	2026-04-07	2
VEI	VEIDEKKE	189.2	0.0	0.0	0.0	0.0	0.0	0.0	0.0	0.0	0.0	0.0	0.0	0.0	0.0	0.0	189.2	189.2	189.2	189.2	189.2	189.2	189.2	189.2	189.2	189.2	189.2	189.2	189.2	189.2	2026-04-09T07:24:56.819513	2026-04-09T16:45:32.915619	33636.096071243286	2026-04-07	2
VEND	VEND MARKETPLACES	241.8	0.5	1.0	2.0	3.0	4.0	5.0	6.0	7.0	8.0	9.0	10.0	0.0	0.0	0.0	243.009	244.21800000000002	246.63600000000002	249.05400000000003	251.472	253.89000000000001	256.30800000000005	258.726	261.144	263.562	265.98	241.8	241.8	241.8	2026-04-09T07:24:56.819513	2026-04-09T16:45:32.915619	33636.096071243286	2026-04-07	2
VISTN	VISTIN PHARMA	21.9	0.0	0.0	0.0	0.0	0.0	0.0	0.0	0.0	0.0	0.0	0.0	0.0	0.0	0.0	21.9	21.9	21.9	21.9	21.9	21.9	21.9	21.9	21.9	21.9	21.9	21.9	21.9	21.9	2026-04-09T07:24:56.819513	2026-04-09T16:45:32.915619	33636.096071243286	2026-04-07	2
VVL	VOSS VEKSEL OGLAND	446.0	0.0	0.0	0.0	0.0	0.0	0.0	0.0	0.0	0.0	0.0	0.0	0.0	0.0	0.0	446.0	446.0	446.0	446.0	446.0	446.0	446.0	446.0	446.0	446.0	446.0	446.0	446.0	446.0	2026-04-09T07:24:56.819513	2026-04-09T16:45:32.915619	33636.096071243286	2026-04-07	2
VOW	VOW	2.44	48.0	1.0	2.0	3.0	1.0	2.0	3.0	6.0	1.0	2.0	3.0	4.0	5.0	0.0	3.6111999999999997	2.4644	2.4888	2.5132	2.4644	2.4888	2.5132	2.5864000000000003	2.4644	2.4888	2.5132	2.5376	2.562	2.44	2026-04-09T07:24:56.819513	2026-04-09T16:45:32.915619	33636.096071243286	2026-04-07	2
VAR	VÅR ENERGI	48.14	-0.25	0.5	1.25	2.5	3.75	5.0	7.5	10.0	12.5	15.0	17.5	0.0	0.0	0.0	48.019650000000006	48.3807	48.741749999999996	49.3435	49.94525	50.547000000000004	51.750499999999995	52.95400000000001	54.1575	55.361	56.5645	48.14	48.14	48.14	2026-04-09T07:24:56.819513	2026-04-09T16:45:32.915619	33636.096071243286	2026-04-07	2
WAWI	WALLENIUS WILHELMS	125.6	0.0	0.0	0.0	0.0	0.0	0.0	0.0	0.0	0.0	0.0	0.0	0.0	0.0	0.0	125.6	125.6	125.6	125.6	125.6	125.6	125.6	125.6	125.6	125.6	125.6	125.6	125.6	125.6	2026-04-09T07:24:56.819513	2026-04-09T16:45:32.915619	33636.096071243286	2026-04-07	2
WSTEP	WEBSTEP	17.7	0.5	1.0	2.0	3.0	4.0	5.0	6.0	7.0	8.0	9.0	10.0	0.0	0.0	0.0	17.7885	17.877	18.054	18.230999999999998	18.408	18.585	18.762	18.939	19.116	19.293	19.470000000000002	17.7	17.7	17.7	2026-04-09T07:24:56.819513	2026-04-09T16:45:32.915619	33636.096071243286	2026-04-07	2
WWI	WILH. WILHELMSEN A	733.0	0.0	0.0	0.0	0.0	0.0	0.0	0.0	0.0	0.0	0.0	0.0	0.0	0.0	0.0	733.0	733.0	733.0	733.0	733.0	733.0	733.0	733.0	733.0	733.0	733.0	733.0	733.0	733.0	2026-04-09T07:24:56.819513	2026-04-09T16:45:32.915619	33636.096071243286	2026-04-07	2
WWIB	WILH. WILHELMSEN B	652.0	0.0	0.0	0.0	0.0	0.0	0.0	0.0	0.0	0.0	0.0	0.0	0.0	0.0	0.0	652.0	652.0	652.0	652.0	652.0	652.0	652.0	652.0	652.0	652.0	652.0	652.0	652.0	652.0	2026-04-09T07:24:56.819513	2026-04-09T16:45:32.915619	33636.096071243286	2026-04-07	2
YAR	YARA INTERNATIONAL	561.0	0.0	0.0	0.0	0.0	0.0	0.0	0.0	0.0	0.0	0.0	0.0	0.0	0.0	0.0	561.0	561.0	561.0	561.0	561.0	561.0	561.0	561.0	561.0	561.0	561.0	561.0	561.0	561.0	2026-04-09T07:24:56.819513	2026-04-09T16:45:32.915619	33636.096071243286	2026-04-07	2
ZAL	ZALARIS	98.0	0.5	1.0	2.0	3.0	4.0	5.0	6.0	7.0	8.0	9.0	10.0	0.0	0.0	0.0	98.49	98.98	99.96000000000001	100.94	101.92	102.9	103.88000000000001	104.86	105.84	106.82000000000001	107.80000000000001	98.0	98.0	98.0	2026-04-09T07:24:56.819513	2026-04-09T16:45:32.915619	33636.096071243286	2026-04-07	2
ZAP	ZAPTEC	28.5	0.5	1.0	2.0	3.0	4.0	5.0	6.0	7.0	8.0	10.0	12.0	0.0	0.0	0.0	28.6425	28.785	29.07	29.355	29.64	29.925	30.21	30.495	30.78	31.35	31.92	28.5	28.5	28.5	2026-04-09T07:24:56.819513	2026-04-09T16:45:32.915619	33636.096071243286	2026-04-07	2
ZLNA	ZELLUNA	18.78	0.0	0.0	0.0	0.0	0.0	0.0	0.0	0.0	0.0	0.0	0.0	0.0	0.0	0.0	18.78	18.78	18.78	18.78	18.78	18.78	18.78	18.78	18.78	18.78	18.78	18.78	18.78	18.78	2026-04-09T07:24:56.819513	2026-04-09T16:45:32.915619	33636.096071243286	2026-04-07	2
